00 00 00 00 00 00 00 00
00 00 00 00 00 00 00 00
00 00 00 00 00 00 00 00
00 00 00 00 00 00 00 00
00 00 00 00 00 00 00 00
00 00 00 00 00 00 00 00
00 00 00 00 00 00 00 00
00 00 00 00 00 00 00 00
00 00 00 00 00 00 00 00
90 2c 40 00 00 00 00 00
f1 2b 40 00 00 00 00 00
f8 2b 40 00 00 00 00 00
48 00 00 00 00 00 00 00
83 2c 40 00 00 00 00 00
3f 2c 40 00 00 00 00 00
d1 2c 40 00 00 00 00 00
16 2c 40 00 00 00 00 00
f1 2b 40 00 00 00 00 00
49 2b 40 00 00 00 00 00
32 61 33 63 34 34 36 34
00 00 00 00 00 00 00 00
0a 00 00 00 00 00 00 00