student     = minghaoc
target_id   = 41
target_type = r
level       = 2
-->8--
PASS
-->8--
00 00 00 00 00 00 00 00 00 00 00 00 00 00 00 00 00 00 00 00 00 00 00 00 00 00 00 00 00 00 00 00 00 00 00 00 00 00 00 00 00 00 00 00 00 00 00 00 00 00 00 00 00 00 00 00 00 00 00 00 00 00 00 00 00 00 00 00 00 00 00 00 E6 2B 40 00 00 00 00 00 64 44 3C 2A 00 00 00 00 F1 2B 40 00 00 00 00 00 F4 2A 40 00 00 00 00 00 
-->8--
Previous Scores for 18x13-f23:attacklab

| version | phase1 (10.0) | phase2 (25.0) | phase3 (25.0) | phase4 (35.0) | phase5 (5.0) | 
+---------+---------------+---------------+---------------+---------------+--------------+
|      17 |          10.0 |          25.0 |          25.0 |           0.0 |          0.0 | 
