student     = minghaoc
target_id   = 41
target_type = c
level       = 2
-->8--
PASS
-->8--
48 C7 C7 64 44 3C 2A 68 F4 2A 40 00 C3 00 00 00 00 00 00 00 00 00 00 00 00 00 00 00 00 00 00 00 00 00 00 00 00 00 00 00 00 00 00 00 00 00 00 00 00 00 00 00 00 00 00 00 00 00 00 00 00 00 00 00 00 00 00 00 00 00 00 00 00 0D 68 55 00 00 00 00 
-->8--
Previous Scores for 18x13-f23:attacklab

| version | phase1 (10.0) | phase2 (25.0) | phase3 (25.0) | phase4 (35.0) | phase5 (5.0) | 
+---------+---------------+---------------+---------------+---------------+--------------+
|      14 |          10.0 |           0.0 |           0.0 |           0.0 |          0.0 | 
