student     = minghaoc
target_id   = 41
target_type = c
level       = 0
-->8--
FAIL: Ouch!: You caused a segmentation fault!
Better luck next time.
-->8--
36 31 20 36 31 20 36 31 20 36 31 20 36 31 20 36 31 20 36 31 20 36 31 20 36 31 20 36 31 20 36 31 20 36 31 20 36 31 20 36 31 20 36 31 20 36 31 20 36 31 20 36 31 20 36 31 20 36 31 20 36 31 20 36 31 20 36 31 20 36 31 20 36 31 20 36 31 20 36 31 20 36 31 20 36 31 20 36 31 20 36 31 20 36 31 20 36 31 20 36 31 20 36 31 20 36 31 20 36 31 20 36 31 20 36 31 20 36 31 20 36 31 20 36 31 20 36 31 20 36 31 20 36 31 20 36 31 20 36 31 20 36 31 20 36 31 20 36 31 20 36 31 20 36 31 20 36 31 20 36 31 20 36 31 20 36 31 20 36 31 20 36 31 20 36 31 20 36 31 20 36 31 20 36 31 20 36 31 20 36 31 20 36 31 20 36 31 20 36 31 20 36 31 20 36 31 20 36 31 20 36 31 20 36 31 20 36 31 20 36 31 20 36 31 20 36 31 20 36 31 20 36 31 20 36 31 20 36 31 20 36 31 20 36 31 20 36 31 20 36 31 20 36 31 20 36 31 20 36 31 20 36 31 20 63 30 20 32 61 20 34 30 20 30 30 20 30 30 20 30 30 20 30 30 20 30 30 
-->8--
Previous 