student     = minghaoc
target_id   = 41
target_type = r
level       = 3
-->8--
PASS
-->8--
00 00 00 00 00 00 00 00 00 00 00 00 00 00 00 00 00 00 00 00 00 00 00 00 00 00 00 00 00 00 00 00 00 00 00 00 00 00 00 00 00 00 00 00 00 00 00 00 00 00 00 00 00 00 00 00 00 00 00 00 00 00 00 00 00 00 00 00 00 00 00 00 90 2C 40 00 00 00 00 00 F1 2B 40 00 00 00 00 00 F8 2B 40 00 00 00 00 00 48 00 00 00 00 00 00 00 83 2C 40 00 00 00 00 00 3F 2C 40 00 00 00 00 00 D1 2C 40 00 00 00 00 00 16 2C 40 00 00 00 00 00 F1 2B 40 00 00 00 00 00 49 2B 40 00 00 00 00 00 32 61 33 63 34 34 36 34 00 00 00 00 00 00 00 00 
-->8--
Previous Scores for 18x13-f23:attacklab

| version | phase1 (10.0) | phase2 (25.0) | phase3 (25.0) | phase4 (35.0) | phase5 (5.0) | 
+---------+---------------+---------------+---------------+---------------+--------------+
|      18 |          10.0 |          25.0 |          25.0 |          35.0 |          0.0 | 
