student     = minghaoc
target_id   = 41
target_type = c
level       = 0
-->8--
FAIL: Ouch!: You caused a segmentation fault!
Better luck next time.
-->8--
00 00 00 00 00 00 00 00 00 00 00 00 00 00 00 00 00 00 00 00 00 00 00 00 00 00 00 00 00 00 00 00 00 00 00 00 00 00 00 00 00 00 00 00 00 00 00 00 00 00 00 00 00 00 00 00 00 00 00 00 00 00 00 00 00 00 00 00 00 00 00 00 50 0D 68 55 00 00 00 00 48 8B 3C 25 64 44 3C C3 F4 2A 40 00 00 00 00 00 
-->8--
Previous Scores for 18x13-f23:attacklab

| version | phase1 (10.0) | phase2 (25.0) | phase3 (25.0) | phase4 (35.0) | phase5 (5.0) | 
+---------+---------------+---------------+---------------+---------------+--------------+
|       4 |          10.0 |           0.0 |           0.0 |           0.0 |          0.0 | 
