student     = minghaoc
target_id   = 41
target_type = c
level       = 3
-->8--
PASS
-->8--
48 C7 C7 10 0D 68 55 68 49 2B 40 00 C3 00 00 00 32 61 33 63 34 34 36 34 00 00 00 00 00 00 00 00 00 00 00 00 00 00 00 00 00 00 00 00 00 00 00 00 00 00 00 00 00 00 00 00 00 00 00 00 00 00 00 00 00 00 00 00 00 00 00 00 00 0D 68 55 00 00 00 00 
-->8--
Previous Scores for 18x13-f23:attacklab

| version | phase1 (10.0) | phase2 (25.0) | phase3 (25.0) | phase4 (35.0) | phase5 (5.0) | 
+---------+---------------+---------------+---------------+---------------+--------------+
|      15 |          10.0 |          25.0 |           0.0 |           0.0 |          0.0 | 
